600010000415
600010000416
600010000417
600010000891
600010000892
600010000893
600010000894
600010001901
600010001902
600010001903
600010001904
600010001937
600010001938
600010001939
600010001940
600010001941
600010001962
600010001964
600010001965
600010001966
600010001977
600010001978
600010001979
600010001990
600010001991
600010001992
600010001993
600010001994
600010001998
600010001999
600010002150
600010002151
600010002152
600010002155
600010002156
600010002157
600010002158
600010002159
600010002160
600010002161
600010002162
600010002163
600010002198
600010002240
600010002257
600010002258
600010002259
600010002260
600010002261
600010002262
600010002263
600010002264
600010002265
600010002266
600010002278
600010002279
600010002280
600010002281
600010002282
600010002283
600010002284
600010002285
600010002286
600010002288
600080000212
600080000213
600080000214
600080000215
600080000216
600080000217
600080000218
600080000263
600080000264
600080000265
600080000266
600080000267
600080000268
600080000269
600080000270
600080000339
600080000340
600080000341
600080000342
600080000343
600080000344
600080000345
600080000346
600080000347
600080000348
600080000350
600080000351
600080000352
600080000353
600080000355
600080000366
600080000367
600080000368
600080000369
600080000370
600080000397
600080000398
600080000399
600080000400
600080000403
600080000404
600080000405
600080000406
600080000418
600080000419
600080000420
600080000421
600080000422
600080000423
600080000424
600080000425
600080000426
600080000427
600080000428
600080000429
600090000235
600090000236
600090000237
600090000238
600090000239
600090000240
600090000241
600090000242
600090000243
600090000244
600090000245
600090000246
600090000247
600090000248
600090000249
600090000250
600090000251
600090000252
600090000253
600090000254
600090000255
600090000323
600090000324
600090000325
600090000326
600090000327
600090000328
600090000329
600090000330
600090000331
600090000332
600090000333
600090000334
600090000335
600090000336
600090000337
600090000338
600090000339
600090000340
600090000341
600090000342
600090000343
600090000344
600090000345
600090000346
600090000347
600090000348
600090000349
600090000350
600090000351
600090000352
600090000353
600090000354
600090000355
600090000356
600090000357
600090000358
600090000359
600090000360
600090000361
600090000362
600090000363
600090000364
600090000365
600090000366
600090000367
600090000368
600090000369
600090000370
600090000371
600090000372
600090000373
600090000374
600090000375
600090000376
600090000377
600090000378
600090000379
600090000380
600090000381
600090000382
600090000406
600090000407
600090000408
600090000409
600090000410
600090000411
600090000412
600090000413
600090000414
600090000415
600090000416
600090000417
600090000418
600090000419
600090000420
600090000440
600090000441
600090000442
600090000443
600090000444
600090000445
600090000446
600090000447
600090000448
600090000449
600090000450
600090000451
600090000452
600090000453
600090000454
600090000455
600090000456
600090000457
600090000458
600090000459
600090000460
600090000465
600090000466
600090000467
600090000468
600090000469
600090000470
600090000471
600090000472
600090000473
600090000474
600090000475
600090000476
600090000477
600090000478
600090000479
600090000480
600090000481
600090000482
600090000483
600090000484
600090000485
600090000486
600090000487
600090000488
600090000489
600090000490
600090000491
600090000492
600090000493
600090000494
600090000495
600090000496
600090000497
600090000498
600090000499
600090000500
600090000501
600090000502
600090000503
600090000504
600090000505
600090000506
600090000570
600090000571
600090000572
600090000573
600090000574
600090000575
600090000576
600090000577
600090000578
600090000579
600090000836
600090000837
600090000838
600090000839
600090000840
600090000841
600090000842
600090000843
600090000844
600090000845
600090000846
600090000847
600090000848
600090000849
600090000850
600090000851
600090000852
600090000853
600090000854
600090000855
600090000856
600090000857
600090000858
600090000859
600090000860
600090000861
600090000862
600090000863
600090000864
600090000865
600090000866
600090000867
600090000868
600090000869
600090000870
600090000871
600100000031
600100000031
600100000032
600100000032
600110000046
600110000047
600110000048
600110000208
600110000209
600110000210
600110000211
600110000780
600110000781
600110000782
600110000783
600110000784
600110000785
600110000786
600110000863
600110000864
600110000865
600110000900
600110000901
600110000919
600110000920
600110000921
600110000922
600110000932
600110000933
600110000934
600110000935
600110000936
600110000937
600110000938
600110000939
600110000940
600110000941
600110000942
600180000001
600180000002
600180000004
600180000005
600180000006
600180000007
600180000008
600180000009
600180000010
600180000011
600180000012
600180000018
610010000467
610010000468
610010000470
610010000471
610010000494
610010000495
610010000496
610010000497
610010000498
610010000499
610010000511
610010000512
610010000514
610010000515
610010000516
610010000589
610010000590
610010000591
610010000592
610010000594
610010000607
610010000608
610010000609
610010000610
610010000611
610010000612
610010000613
610010000614
610010000615
610010000617
610010000618
610010000687
610010000688
610010000689
610010000690
610010000691
610010000692
610010000693
610010000694
610010000695
610010000696
610010000697
610010000698
610010000705
610010000706
610010000707
610010000708
610010000709
610010000710
610010000711
610010000712
610010000713
610010000714
610010000715
610010000716
610010000717
610010000718
610010000719
610010000720
610010000721
610010000722
610010000723
610010000724
610010000725
610010000726
610010000727
610010000728
610010000762
610010000763
610010000764
610010000765
610010000766
610010000767
610010000768
610010000769
610010000778
610010000779
610010000780
610010000781
610010000782
610010000783
610010000784
610010000785
610010000786
610010000787
610010000788
610010000789
610010000790
610010000791
610010000801
610010000802
610010000803
610010000804
610010000809
610010000810
610010000811
610010000812
610010000813
610010000814
610010000815
610010000816
610010000817
610010000818
610010000819
610010000820
610010000821
610010000822
610010000823
610010000842
610010000843
610010000844
610010000845
610010000846
610010000847
610010000848
610010000930
610010000931
610010000932
610010000968
610010001054
610010001055
610010001056
610010001057
610010001058
610010001059
610010001060
610010001061
610010001062
610010001063
610010001064
610010001065
610010001066
610010001067
610010001068
610010001069
610010001070
610010001071
610010001072
610010001073
610010001074
610010001075
610010001076
610010001077
610010001078
610010001079
610010001088
610010001089
610010001090
610010001091
610010001092
610010001093
610010001094
610010001149
610010001150
610010001152
610010001153
610010001154
610010001155
610010001156
610010001157
610010001158
610010001187
610010001188
610010001189
610010001190
610010001191
610010001192
610010001193
610010001194
610010001195
610010001196
610010001197
610010001198
610010001199
610010001318
610010001319
610010001320
610010001321
610010001322
610010001323
610010001324
610010001325
610010001326
610010001328
610010001369
610010001370
610010001371
610010001372
610010001373
610010001374
610010001375
610010001376
610010001377
610010001378
610010001379
610010001380
610010001381
610010001382
610010001383
610010001384
610010001385
610010001386
610010001387
610010001388
610010001397
610010001398
610010001410
610010001411
610010001412
610010001413
610010001414
610010001415
610010001416
610010001451
610010001452
610010001453
610010001454
610010001455
610010001456
610010001457
610010001458
610010001459
610010001460
610010001464
610010001465
610010001466
610010001467
610010001627
610010001628
610010001629
610010001630
610010001631
610010001637
610010001638
610010001639
610010001640
610010001641
610010001642
610010001643
610010001644
610010001645
610010001646
610010001647
610010001648
610010001649
610010001650
610010001651
610010001652
610010001655
610010001678
610010001679
610010001680
610010001681
610010001682
610010001683
610010001684
610010001685
610010001686
610010001687
610010001688
610010001689
610010001690
610010001691
610010001692
610010001693
610010001694
610010001695
610010001697
610010001698
610010001869
610010001870
610010001871
610010001872
610010001873
610010001874
610010001875
610010001876
610010001877
610010001881
610010001882
610010001883
610010001884
610010001885
610010001886
610010001887
610010001888
610010001889
610010001914
610010001915
610010001916
610010001917
610010001918
610010001919
610010001920
610010001921
610010001922
610010001923
610010001924
610010001925
610010001926
610010001927
610010001928
610010001929
610010001930
610010001931
610010001932
610010001933
610010001934
610010001935
610010001936
610010001951
610010001952
610010002146
610010002147
610010002148
610010002152
610010002153
610010002154
610010002155
610010002156
610010002157
610010002158
610010002159
610010002160
610010002161
610010002162
610010002163
610010002164
610015000118
610015000119
610015000121
610015000122
610015000123
610015000124
610015000125
610015000126
610015000127
610015000128
610015000143
610015000144
610015000146
610015000147
610015000148
610015000178
610015000179
610015000181
610015000182
610015000235
610015000236
610015000237
610015000238
610015000239
610015000240
610015000241
610015000242
610015000243
610015000244
610015000245
610015000246
610015000247
610015000248
610015000249
610015000254
610015000255
610015000256
610015000257
610015000258
610015000259
610015000260
610015000261
610015000262
610015000263
610015000264
610015000265
610015000275
610015000276
610015000277
610015000278
610015000320
610015000321
610015000322
610015000323
610015000324
610015000325
610015000326
610015000327
610015000328
610015000329
610015000330
610015000331
610015000338
610015000339
610015000340
610015000355
610015000356
610015000357
610015000358
610015000359
610015000360
610015000361
610015000362
610015000363
610015000364
610015000365
610015000366
610015000367
610015000368
610015000369
610015000370
610015000371
610015000372
610015000385
610015000386
610015000387
610015000402
610015000403
610015000404
610015000405
610015000406
610015000417
610015000418
610015000419
610015000420
610015000421
610015000422
610015000423
610015000424
610015000425
610015000426
610015000427
610015000428
610015000433
610015000434
610015000435
610015000436
610015000437
610015000438
610015000439
610015000488
610015000489
610015000490
610015000491
610015000492
610015000493
610015000494
610015000495
610015000496
610015000497
610015000498
610015000499
610015000500
610015000501
610015000502
610015000503
610015000504
610015000505
610015000506
610015000507
610015000508
610015000509
610015000510
610015000511
610015000512
610015000513
610015000544
610015000545
610015000546
610015000547
610015000548
610015000549
610015000550
610015000551
610015000552
610015000553
610015000554
610015000555
610015000556
610015000557
610015000558
610015000582
610015000583
610015000584
610015000585
610015000586
610015000587
610015000588
610015000589
610015000590
610015000591
610015000592
610015000593
610080000117
610080000118
610080000119
610080000120
610080000121
610080000122
610080000123
610080000128
610080000129
610080000130
610080000131
610080000132
610080000133
610080000153
610080000154
610080000155
610080000156
610080000157
610080000158
610080000159
610080000185
610080000186
610080000196
610080000197
610080000198
610080000199
610080000200
610090000726
610090000727
610090000729
610090000730
610090000731
610090000732
610090000734
610090000735
610090001005
610090001006
610090001008
610090001009
610090001010
610090001011
610090001013
610090001014
610090001748
610090001749
610110000056
610110000057
610110000058
610110000059
610110000081
610110000082
610110000083
610110000084
610110000091
610110000092
610110000093
610110000094
610110000100
610110000101
610110000102
610110000103
610110000104
610110000126
610110000127
610110000128
610110000129
610110000130
610110000237
610110000238
610110000239
610110000240
610110000241
610110000242
610110000243
610110000244
610110000245
610110000246
610110000247
610110000248
610110000249
610110000250
610110000251
610110000252
610110000253
610110000341
610110000342
610110000343
610110000344
610110000345
610110000346
610110000347
610110000348
610110000349
610110000350
610110000351
610110000352
610110000353
610110000354
610110000355
610110000356
610110000361
610110000362
610110000363
610110000405
610110000406
610110000407
610110000408
610110000409
610110000410
610110000411
610110000412
610110000413
610110000414
610110000415
610110000416
610110000417
610110000418
610110000419
610110000420
610110000421
610110000422
610110000423
610110000424
610110000425
610110000426
610110000447
610110000448
610110000449
610110000450
610110000451
610110000609
610110000610
610110000611
610110000612
610110000613
610110000614
610110000615
610110000616
610110000617
610110000618
610110000622
610110000623
610110000624
610110000625
610110000626
610110000627
610110000628
610110000629
610110000630
610110000631
610110000632
610110000633
610110000634
610110000635
610110000636
610110000637
610110000638
610110000639
610110000640
610110000641
610110000642
610110000643
610110000644
610110000645
610110000753
610110000754
610110000755
610110000756
610110000757
610110000758
610110000759
610110000760
610110000761
610110000762
610110000763
610110000764
610110000765
610110000766
610110000767
610110000768
610110000769
610110000770
610110000771
610110000772
610110000773
610130000166
610130000167
610130000169
610130000170
610130000177
610130000178
610130000179
610130000180
610130000181
610130000182
610130000191
610130000192
610130000194
610130000195
610130000196
610130000222
610130000223
610130000225
610130000226
610130000227
610130000228
610130000229
610130000230
610130000231
610130000232
610130000269
610130000270
610130000271
610130000272
610130000284
610130000285
610130000286
610130000287
610130000288
610130000289
610130000290
610130000291
610130000292
610130000293
610130000309
610130000310
610130000311
610130000312
610130000313
610130000314
610130000315
610130000316
610130000317
610130000318
610130000319
610130000320
610130000321
610130000322
610130000323
610130000324
610130000325
610130000326
610130000327
610130000328
610130000333
610130000334
610130000335
610130000336
610130000337
610130000466
610130000467
610130000468
610130000469
610130000470
610130000475
610130000476
610130000477
610130000478
610130000485
610130000486
610130000487
610130000488
610130000524
610130000525
610130000526
610130002003
610130002004
610130002005
610130002006
610130002007
610130002008
610130002128
610130002129
610130002130
610130002131
610130002132
610130002133
610130002134
610130002135
610130002136
610130002137
610130002138
610130002139
610130002149
610130002150
610130002151
610130002152
610130002153
610130002154
610130002155
610130002156
610130004068
610130004069
610130004070
610130004071
610130004072
610130004081
610130004082
610130004083
610130004084
610130004105
610130004106
610130004107
610130004108
610130004205
610130004206
610130004207
610130004208
610130004209
610130004210
610130004211
610130004212
610130004213
610130004214
610130004494
610130004515
610130004516
610130004517
610130004518
610130004519
610130004520
610130004521
610130004522
610130004523
610130004524
610130004590
610130004591
610130004592
610130004593
610130004594
610130004595
610130004596
610130004597
610130004598
610130004599
610130004600
610130004601
610130004602
610130004603
610130004604
610130004605
610130004606
610130004607
610130004608
610130004609
610130004610
610130004611
610130004612
610130004613
610130004614
610130004615
610130004616
610130004617
610130004618
610130004619
610130004620
610130004621
610130004622
610130004623
610130004624
610130004625
610130004626
610130004627
610130004628
610130004629
610130004630
610130004631
610130004757
610130004758
610130004759
610130004760
610130004761
610130004762
610130004763
610130004764
610130004765
610130004770
610130004771
610130004772
610130004773
610130004774
610130004775
610130004776
610130004777
610130004778
610130004779
610130004780
610130004781
610130004782
610130004783
610130004784
610130004785
610130004786
610130004787
610130004788
610140000001
610140000002
610140000003
610140000004
610140000005
610140000013
610140000014
610140000015
610140000016
610140000017
610140000018
610140000019
610140000020
610140000021
610140000022
610140000065
610140000066
610140000067
610140000068
610140000069
610140000070
610140000071
610140000072
610140000073
610140000074
610140000075
610140000076
620040000022
620040000023
620040000024
620040000025
620040000026
620040000027
620040000028
620040000029
620040000030
620040000031
620040000032
620040000033
620040000034
620040000035
620040000036
620040000037
620040000038
620040000039
620040000040
620040000041
620040000042
620040000043
620040000044
620040000045
620040000055
620040000056
620040000057
620040000058
620040000059
620040000060
620040000061
620040000062
620040000063
620040000064
620040000065
620040000066
620040000067
620040000068
620040000069
620040000089
620040000090
620040000091
620040000092
620040000093
620040000094
620040000095
620040000096
620040000097
620040000101
620040000102
620040000103
620040000104
620040000105
620040000106
620040000107
620040000108
620040000109
620040000110
620040000111
620040000112
620040000113
620040000114
620040000115
620070000112
620070000113
620070000115
620070000116
620070000117
620070000118
620070000120
620070000121
620070000122
620070000123
620070000125
620070000126
620070000127
620070000128
620070000129
620070000130
620070000131
620070000132
620070000133
620070000134
620070000135
620070000136
620070000137
620070000138
620070000139
620070000140
620070000141
620070000142
620070000143
620070000144
620070000446
620070000456
620070000457
620070000458
620070000459
620070000460
620070000461
620070000462
620070000463
620070000464
620070000465
620070000466
620070000467
620070000468
620070000469
620070000470
620070000471
620070000472
620070000522
620070000523
620070000524
620070000525
620070000526
620070000527
620070000528
620070000529
620070000530
620070000531
620070000532
620070000533
620070000612
620070000613
620070000614
620070000615
620070000616
620070000617
620070000618
620070000619
620070000620
620070000621
620070000622
620070000623
620070000624
620070000625
620070000626
620070000627
620070000628
620070000629
620070000630
620070000631
620070000632
620070000633
620070000634
620070000635
620070000636
620070000637
620070000638
620070000639
620070000640
620070000641
620070000642
620070000643
620070000644
620070000645
620070000646
620070000647
620070000648
620070000649
620070000650
620070000651
620070000652
620070000653
620070000654
620070000655
620070000656
620070000657
620070000658
620070000659
620070000660
620070000661
620070000662
620070000663
620070000664
620070000665
620070000666
620070000667
620070000668
620070000669
620070000670
620070000671
620070000672
620070000673
620070000674
620070000675
620070000676
620070000677
620070000678
620070000679
620070000680
620070000681
620070000682
620070000683
620070000684
620070000685
620070000686
620070000687
620070000688
620070000689
620070000694
620070000695
620070000696
620070000697
620070000698
620070000699
620070000700
620070000701
620070000702
620070000703
620070000704
620070000705
620070000706
620070000707
620070000708
620070000709
620070000710
620070000711
620070000712
620070000713
620070000714
620070000715
620070000716
620070000717
620070000732
620070000733
620070000734
620070000735
620070000736
620070000737
620070000738
620070000739
620070000740
620070000741
620070000742
620070000743
620070000744
620070000745
620070000746
620070000771
620070000772
620070000773
620070000774
620070000775
620070000776
620070000777
620070000778
620070000779
620070000780
620070000781
620070000782
620070000802
620070000803
620070000804
620070000805
620070000806
620070000807
620070000808
620070000809
620070000810
620070000811
620070000812
620070000813
620070000814
620070000815
620070000816
620070000817
620070000818
620070000819
620070000820
620070000821
620070000822
620070000823
620070000824
620070000825
620070000826
620070000827
620070000828
620070000829
620070000830
620070000831
620070000832
620070000833
620070000834
620070000835
620070000836
620070000837
620070000838
620070000839
620070000840
620070000841
620070000842
620070000843
620070000844
620070000845
620070000846
620070000856
620070000857
620070000858
620070000859
620070000860
620070000861
620070000887
620070000888
620070000889
620070000890
620070000891
620070000892
620070000893
620070000894
620070000895
620070000974
620070000975
620070000976
620070000977
620070000978
620070000979
620070000980
620070000981
620070000982
620070000983
620070000984
620070000985
620070000986
620070000987
620070000988
620070000989
620070000990
620070000991
620070000992
620070000993
620070000994
620070000995
620070000996
620070000997
620070000998
620070000999
620070001000
620070001001
620070001002
620070001003
620070001004
620070001005
620070001006
620070001007
620070001008
620070001009
620070001034
620070001035
620070001036
620070001037
620070001038
620070001039
620070001040
620070001041
620070001042
620070001043
620070001044
620070001045
620070001046
620070001047
620070001048
620070001049
620070001050
620070001051
620070001052
620070001053
620070001054
620070001055
620070001056
620070001057
620070001058
620070001059
620070001060
620070001061
620070001062
620070001063
620070001064
620070001065
620070001066
620070001067
620070001068
620070001069
620070001070
620070001071
620070001072
620070001073
620070001074
620070001075
620070001076
620070001077
620070001078
620070001139
620070001140
620070001141
620070001142
620070001143
620070001144
620070001160
620070001161
620070001162
620070001163
620070001164
620070001165
620070001166
620070001167
620070001168
620070001169
620070001170
620070001171
620070001172
620070001173
620070001174
620070001200
620070001201
620070001202
620070001203
620070001204
620070001205
620070001206
620070001207
620070001208
620070001209
620070001210
620070001211
620070001212
620070001213
620070001214
620070001215
620070001216
620070001217
620070001218
620070001219
620070001220
620070001221
620070001222
620070001223
620070001224
620070001225
620070001226
620070001227
620070001228
620070001229
620070001230
620070001231
620070001232
620070001233
620070001234
620070001235
620070001236
620070001237
620070001238
620070001239
620070001240
620070001241
620070001242
620070001243
620070001244
620070001245
620070001246
620070001247
620070001248
620070001249
620070001250
620070001251
620070001252
620070001253
620070001254
620070001255
620070001256
620070001257
620070001258
620070001259
620070001260
620070001261
620070001262
620070001263
620070001264
620070001265
620070001266
620070001267
620070001268
620070001269
620070001270
620070001271
620070001272
620070001273
620070001274
620070001275
620070001276
620070001277
620070001278
620070001279
620070001280
620070001281
620070001282
620070001283
620070001284
620070001285
620070001286
620070001287
620070001288
620070001289
620070001290
620070001291
620070001292
620070001293
620070001294
620070001295
620070001296
620070001297
620070001298
620070001299
620070001300
620070001301
620070001302
620070001303
620070001304
620070001305
620070001306
620070001307
620070001308
620070001309
620070001310
620070001311
620070001312
620070001313
620070001354
620070001358
620070001359
620070001428
620070001429
620070001430
620070001431
620070001432
620070001433
620070001434
620070001435
620070001436
620070001437
620070001438
620070001439
620070001440
620070001441
620070001442
620070001443
620070001444
620070001445
620070001446
620070001447
620070001448
620070001449
620070001450
620070001451
620070001452
620070001453
620070001454
620070001455
620070001456
620070001457
620070001458
620070001459
620070001460
620070001461
620070001462
620070001463
620070001464
620070001465
620070001466
620070001467
620070001468
620070001469
620070001470
620070001471
620070001472
620070001473
620070001474
620070001475
620070001476
620070001477
620070001478
620070001479
620070001480
620070001481
620070001482
620070001483
620070001484
620070001485
620070001486
620070001487
620070001535
620070001536
620070001537
620070001538
620070001539
620070001540
620070001541
620070001542
620070001543
620070001544
620070001545
620070001546
620070001547
620070001548
620070001549
620070001550
620070001551
620070001552
620070001553
620070001554
620070001555
620070001556
620070001557
620070001558
620070001559
620070001560
620070001561
620070001562
620070001563
620070001564
620070001565
620070001566
620070001567
620070001568
620070001569
620070001570
620070001571
620070001572
620070001573
620070001574
620070001575
620070001576
620070001577
620070001578
620070001579
620070001580
620070001581
620070001582
620070001583
620070001584
620070001585
620070001586
620070001587
620070001588
620070001589
620070001590
620070001591
620070001592
620070001593
620070001594
620070001595
620070001596
620070001597
620070001598
620070001599
620070001600
620070001601
620070001602
620070001603
620070001604
620070001605
620070001606
620070001607
620070001608
620070001609
620070001610
620070001611
620070001612
620070001613
620070001614
620070001615
620070001616
620070001617
620070001618
620070001619
620070001620
620070001621
620070001622
620070001623
620070001624
620070001625
620070001626
620070001627
620070001628
620070001629
620070001630
620070001631
620070001632
620070001633
620070001634
620070001635
620070001636
620070001637
620070001638
620070001639
620070001640
620070001641
620070001642
620070001643
620070001644
620070001645
620070001646
620070001647
620070001648
620070001649
620070001650
620070001651
620070001652
620070001653
620070001654
620070001655
620070001656
620070001657
620070001658
620070001659
620070001660
620070001661
620070001662
620070001663
620070001721
620070001722
620070001723
620070001724
620070001725
620070001726
620070001954
620070001955
620070001956
620070001957
620070001958
620070001959
620070001960
620070001961
620070001962
620070001963
620070001964
620070001965
620070001966
620070001967
620070001968
620070001969
620070001970
620070001971
620070001972
620070001973
620070001974
620070001975
620070001976
620070001977
620070001978
620070001979
620070001980
620070001993
620070001994
620070001995
620070001996
620070001997
620070001998
620070001999
620070002000
620070002001
620070002002
620070002003
620070002004
620070002005
620070002006
620070002007
620070002008
620070002009
620070002010
620070002011
620070002012
620070002013
620070002014
620070002015
620070002016
620070002017
620070002018
620070002019
620070002020
620070002021
620070002022
620070002023
620070002024
620070002025
620070002026
620070002027
620070002028
620090000196
620090000197
620090000198
620090000199
620090000200
620090000201
620090000202
620090000203
620090000204
620090000205
620090000206
620090000207
620090000208
620090000209
620090000210
620090000211
620090000212
620090000213
620090000214
620090000215
620090000216
620090000217
620090000218
620090000219
620090000220
620090000221
620090000222
620090000223
620090000224
620090000225
620090000226
620090000227
620090000228
620090000229
620090000230
620090000231
620090000232
620090000233
620090000234
620090000235
620090000236
620090000237
620090000238
620090000239
620090000240
620090000241
620090000242
620090000243
620090000244
620090000245
620090000246
620090000247
620090000248
620090000249
620090000250
620090000251
620090000252
620090000253
620090000254
620090000255
620090000256
620090000257
620090000258
620090000259
620090000260
620090000261
620090000262
620090000263
620090000264
620090000265
620090000266
620090000267
620090000268
620090000269
620090000270
620090000271
620090000272
620090000273
620090000274
620090000275
620090000276
620090000277
620090000278
620090000279
620090000280
620090000281
620090000282
620090000283
620090000284
620090000285
620090000352
620090000353
620090000354
620090000355
620090000356
620090000357
620090000358
620090000359
620090000360
620090000361
620090000362
620090000363
620090000364
620090000365
620090000366
620090000367
620090000368
620090000369
620090000370
620090000371
620090000372
620090000373
620090000374
620090000375
620090000376
620090000377
620090000378
620090000379
620090000380
620090000381
620090000382
620090000383
620090000384
620090000385
620090000386
620090000387
620090000388
620090000389
620090000390
620090000391
620090000392
620090000393
620090000394
620090000395
620090000396
620090000397
620090000398
620090000399
620090000400
620090000401
620090000402
620090000403
620090000404
620090000405
620090000406
620090000407
620090000408
620090000409
620090000410
620090000411
620090000412
620090000413
620090000414
620090000415
620090000416
620090000417
620090000418
620090000419
620090000420
620090000421
620090000583
620090000584
620090000585
620090000586
620090000587
620090000588
620090000589
620090000590
620090000591
620090000592
620090000593
620090000600
620090000601
620090000602
620090000603
620090000604
620090000605
620090000606
620090000607
620090000608
620090000609
620090000610
620090000611
620090000612
620090000613
620090000620
620090000621
620090000622
620090000623
620090000624
620090000625
620090000626
620090000627
620090000628
620090000629
620090000630
620090000631
620090000632
620090000633
620090000634
620090000635
620090000636
620090000640
620090000641
620090000642
620090000662
620090000663
620090000664
620090000665
620090000666
620090000667
620090000668
620090000669
620090000670
620090000671
620090000672
620090000679
620090000680
620090000681
620090000694
620090000695
620090000696
620090000697
620090000698
620090000699
620090000700
620090000701
620090000702
620090000703
620090000704
620090000708
620090000709
620090000710
620090000712
620090000713
620090000714
620090000715
620090000716
620090000717
620090000718
620090000719
620090000720
620090000721
620090000722
620090000726
620090000727
620090000728
620090000733
620090000734
620090000735
620090000736
620090000737
620090000738
620090000739
620090000740
620090000741
620090000742
620090000743
620090000747
620090000748
620090000749
620090000750
620090000751
620090000752
620090000753
620090000754
620090000755
620090000756
620090000757
620090000758
620090000759
620090000760
620090000764
620090000765
620090000766
620110000042
620110000043
620110000044
620110000045
620110000046
620110000047
620110000048
620110000049
620110000050
620110000051
620110000052
620110000053
620110000054
620110000055
620110000056
620110000057
620110000058
620110000059
620110000060
620110000061
620110000062
620110000064
620110000065
620110000066
620110000067
620110000068
620110000069
620110000070
620110000071
620110000072
620110000073
620110000074
620110000075
620110000076
620110000077
620110000078
620110000079
620110000080
620110000081
620110000082
620110000083
620110000084
620110000085
620110000086
620110000087
620110000088
620110000089
620110000090
620110000091
620110000092
620110000093
620110000094
620110000095
620110000096
620110000097
620110000098
620110000099
620110000100
620110000101
620110000102
620110000103
620110000104
620110000105
620110000106
620110000107
620110000108
620110000109
620110000110
620110000111
620110000112
620110000113
620110000114
620110000115
620110000116
620110000117
620110000118
620110000119
620110000120
620110000121
620110000122
620110000123
620110000124
620110000129
620110000130
620110000131
620110000132
620110000133
620110000134
620110000135
620110000136
620110000137
620110000138
620110000139
620110000140
620110000141
620110000142
620110000143
620110000144
620110000145
620110000146
620110000147
620110000148
620110000149
620110000150
620110000151
620120000019
620120000020
620120000021
620120000065
620120000066
620120000067
620120000068
620120000069
620120000070
620120000071
620120000072
620120000074
620120000075
620120000076
620120000077
620120000078
620120000080
620120000081
620120000082
620120000083